EXPERIMENT 1
-------------------------------------------------------
============================================
Final Results:
============================================
Number of simulations: 100
Simulation time: 300.421511888504 seconds
Number of extreme concesus: 2
Number of maximal between-group bi-polarization: 0
Number of no convergence: 98
between-group bi-polarization values: [1.997151552421113, 1.9996818042229667, 1.999312622482571, 1.9999922828068646, 1.9998602127077123, 1.9999060871289354, 1.9999940228853603, 1.5855319700985049, 0.7250175019870035, 1.99997904502034, 1.9999468752439324, 0.9199688048149954, 1.9999999997969018, 0.00361525745011837, 1.0031091327146786, 0.384154588615612, 0.0006165205420060049, 1.9999670189886105, 0.0005658745834644652, 1.9998054901980042, 1.9767965672224728, 1.9954285809906027, 9.398743014421562e-05, 1.888358029994481, 1.9996264302736326, 1.9999969451855493, 1.9999159359294145, 1.9993193083739238, 1.9997483951129325, 1.9994488983413308, 1.1133561613643574, 1.9261387674647366, 0.3954633133077673, 1.1406714328601932, 0.8886820886357975, 0.00041782698716907873, 0.00424938232881833, 1.953924434779244, 0.5896420218604604, 0.13244768696106723, 0.00011041115102405907, 1.9999986089158823, 1.99990830860332, 1.9999506395906201, 1.9999525948157388, 0.28625337084120384, 1.9999965914282778, 1.9993894760694115, 1.9973078938086126, 1.9992304252952449, 1.9999321027170707, 1.9996670718461524, 0.00019302528735976043, 0.06722413048067588, 1.9997808081492632, 1.9999647423213582, 1.9997277047069968, 1.9999889718755197, 1.9990322149312971, 1.9973312296118282, 0.3673229812825797, 0.026329699378293325, 0.6275024883960217, 1.9992346573459132, 1.9997532191330958, 1.9999110142031638, 1.9964874774451544, 1.9999138052825414, 0.2631244622465795, 0.0010239435400689612, 0.0, 1.999956097333148, 1.9530432870766603, 1.999977561617168, 3.0192226274650125e-08, 1.9999952015614713, 1.99921988730997, 1.9985036090616055, 0.11334035434872314, 1.58721756728924, 0.6642585898153149, 0.006746431459363156, 1.9964122507352107, 0.8500588291278934, 1.9999836960202408, 0.0211280703849408, 0.0012742914890732093, 1.9994521280916042, 1.9921204393293057, 1.9999701003447332, 1.9999434805402914, 1.9265870014206676, 1.9996483704146524, 1.9996833807664616, 1.999959499770262, 0.0, 1.9998629856967027, 1.9999885933587558, 1.9999919234069718, 0.3554619674388806]



EXPERIMENT 3-7
-------------------------------------------------------
============================================
Final Results:
============================================
Number of simulations: 100
Simulation time: 315.7135241031647 seconds
Number of extreme concesus: 53
Number of maximal between-group bi-polarization: 0
Number of no convergence: 47
between-group bi-polarization values: [0.0, 0.0, 0.0, 0.2708694947356004, 0.0, 0.0, 0.0, 0.0, 0.05133455889025525, 0.13350225301375473, 0.0, 0.3568571570247191, 0.0, 0.05229681069842124, 0.0, 0.0, 0.2648909251048547, 0.2984447699565359, 0.15553263273364015, 0.47228900384223055, 0.0, 0.17816382235704778, 0.0, 0.0, 0.02181984560997563, 0.0, 0.33047651823379676, 0.0, 0.1213909733518348, 0.0, 0.0, 0.0, 0.0, 0.0, 0.0, 0.0, 0.0, 0.0, 0.0, 0.14057609542224514, 0.0, 0.35015609824919697, 0.0, 0.0, 0.0, 0.09516420928481284, 0.0, 0.061060743451947785, 0.0, 0.26265356729501377, 0.0, 0.02355608444708107, 0.0, 0.25680185580641457, 0.0, 0.23027218522879056, 0.0, 0.1910934658139154, 0.0, 0.0, 0.0, 0.0, 0.0, 0.0, 0.21344419721476116, 0.0, 0.0, 8.7553180461164e-07, 0.0, 0.13750722329036474, 0.0, 0.1477430580393476, 0.48870347891640353, 0.14193314027905146, 0.0, 0.17112494142934043, 0.0, 0.0006783411706552389, 0.38058057790384714, 0.14182880054513317, 0.0, 0.00015796258686895381, 0.03872922447849786, 0.01799852882789743, 0.3599340330810139, 0.1219123899241964, 0.2785016279355409, 0.07026194729905666, 0.29673012937246435, 0.04818922251309676, 0.14538550323318622, 0.06993169010534253, 0.0, 0.3721231752891957, 0.09803985064277904, 0.2309162428563872, 0.05466633179421926, 0.0, 0.0, 0.0]

============================================
Final Results:
============================================
Number of simulations: 100
Simulation time: 318.2839469909668 seconds
Number of extreme concesus: 21
Number of maximal between-group bi-polarization: 0
Number of no convergence: 79
between-group bi-polarization values: [0.18901351066336936, 0.1113514280707206, 0.298726489447096, 0.3857179299734667, 0.16863183156505918, 0.0, 0.2519514468512458, 0.30579808669113867, 0.0, 0.27408304303671094, 0.7641548768377643, 0.34270965370673906, 0.0, 0.19103465112194074, 0.37482686021078604, 0.24175628461931037, 0.012822096566707297, 0.0, 0.1000742855558363, 0.006505578777717069, 0.4093886934969029, 0.8748443209120833, 0.766240413283513, 0.0, 0.6700478871374025, 0.11818500337093092, 0.0, 0.0, 0.5211268916883721, 0.32176188959668894, 2.2212782096131534e-05, 8.72056918976849e-06, 7.884313816042265e-06, 0.6760420442401032, 0.009403480195143865, 0.0004348567301662998, 0.0, 0.0, 0.022873387440547066, 1.0105348473919864, 1.977918888384814, 0.1623290078745604, 0.08226730505717272, 0.11247071919697474, 0.047927184663543954, 0.16212695173540687, 0.0037444638096144622, 1.017258372708267, 0.6334661926582311, 0.0, 0.5481452474075995, 0.47605756446022124, 1.1004245745523578, 0.5087516382388496, 3.4614430499679827e-07, 0.15190984555777154, 6.55831325147016e-05, 0.6800731052747152, 0.0, 0.3300145807556192, 0.0, 0.0, 0.0, 1.2458486367095243, 0.0, 1.9986541000843387, 0.015732907259697226, 9.577380034819782e-06, 0.10403642989288464, 0.004034691256369127, 0.36785823759198166, 0.6775861855322709, 0.024805456621629363, 0.5015040050763948, 0.0, 0.31344501291872073, 0.0, 0.19395594807960392, 0.4298500783000723, 0.0, 0.41289778289636614, 0.4298296026007844, 0.42567957677520485, 0.0, 0.7638732647188065, 0.008928345790533365, 0.15230231606241118, 0.9216339613231282, 0.10563373366239925, 0.5441056983936451, 0.9765449187872348, 0.0, 0.5129841611499163, 0.30980048574723457, 0.16431882540890852, 0.3444429717479619, 0.0, 0.5183070217714869, 0.31239800180469934, 0.8367706079828408]

============================================
Final Results:
============================================
Number of simulations: 100
Simulation time: 319.7921841144562 seconds
Number of extreme concesus: 6
Number of maximal between-group bi-polarization: 0
Number of no convergence: 94
between-group bi-polarization values: [0.03430159878910244, 1.9970807353998588, 1.9998272977705764, 1.617590397074716, 0.9729351797079759, 1.995780064324022, 1.9998938823220316, 1.8789551236010809, 0.8735684515463871, 1.99997691163704, 0.40183454439645583, 0.324800558730096, 1.720112286650641, 1.9953730063297876, 0.0004886212518766531, 0.13582530569759516, 0.5547773767431948, 1.590485559573148, 1.703553586147616, 1.9999285373293403, 0.39006490377627323, 0.7221216389494112, 0.05516518634636197, 0.09263071673545609, 0.9388765232476589, 0.9772865356149166, 1.9996874212454798, 0.8258974508068935, 0.0, 0.25296836556387026, 1.999279065244504, 1.9994300484255905, 0.0010999135406062344, 1.9997409009382903, 0.01946457863866502, 0.6730047256555367, 3.572801032469819e-06, 0.7433665003307672, 0.0013146640441737967, 0.1847266875254283, 1.9961380554904076, 1.9999967693959244, 0.6248950423268494, 1.9991574525562117, 1.9999470685455152, 0.41617418887439483, 1.9998455538282367, 0.2828327211160592, 1.999730771865203, 1.4794449131226048, 1.9596891284422884, 0.11916051085578039, 1.9999999914346975, 0.182444526051098, 1.7376104781346853, 0.25093515435860225, 1.999977483642496, 0.4290503255289284, 0.017221775774552972, 0.23070214547115875, 0.12491288690547342, 1.9997039443240996, 1.999994242074806, 1.1537665642908204, 0.22135004940489333, 0.16783423419621202, 0.08376881374108003, 1.8558126509178372, 1.9968801978840107, 0.7636055300710878, 0.001953354670607199, 1.9999818293564506, 1.999488492687039, 1.9999410627101863, 0.7224151310170979, 0.0010934800992359328, 1.8544932148994255, 1.999616970183081, 1.9999229991831848, 0.0, 0.0, 1.9998768310965158, 0.6195244555315145, 1.9974808074451311, 0.6429240445608992, 1.9999270075349478, 0.5567835783291815, 0.16765718146010006, 0.0, 1.9549049870244612, 0.0, 0.19932462010049032, 1.3752583219308274, 0.7236886335910271, 1.4739200667825056, 1.5507689082882115, 1.2272954947401509, 0.46912391261929, 0.0, 0.16697010562122738]

============================================
Final Results:
============================================
Number of simulations: 100
Simulation time: 320.55205488204956 seconds
Number of extreme concesus: 2
Number of maximal between-group bi-polarization: 0
Number of no convergence: 98
between-group bi-polarization values: [1.997151552421113, 1.9996818042229667, 1.999312622482571, 1.9999922828068646, 1.9998602127077123, 1.9999060871289354, 1.9999940228853603, 1.5855319700985049, 0.7250175019870035, 1.99997904502034, 1.9999468752439324, 0.9199688048149954, 1.9999999997969018, 0.00361525745011837, 1.0031091327146786, 0.384154588615612, 0.0006165205420060049, 1.9999670189886105, 0.0005658745834644652, 1.9998054901980042, 1.9767965672224728, 1.9954285809906027, 9.398743014421562e-05, 1.888358029994481, 1.9996264302736326, 1.9999969451855493, 1.9999159359294145, 1.9993193083739238, 1.9997483951129325, 1.9994488983413308, 1.1133561613643574, 1.9261387674647366, 0.3954633133077673, 1.1406714328601932, 0.8886820886357975, 0.00041782698716907873, 0.00424938232881833, 1.953924434779244, 0.5896420218604604, 0.13244768696106723, 0.00011041115102405907, 1.9999986089158823, 1.99990830860332, 1.9999506395906201, 1.9999525948157388, 0.28625337084120384, 1.9999965914282778, 1.9993894760694115, 1.9973078938086126, 1.9992304252952449, 1.9999321027170707, 1.9996670718461524, 0.00019302528735976043, 0.06722413048067588, 1.9997808081492632, 1.9999647423213582, 1.9997277047069968, 1.9999889718755197, 1.9990322149312971, 1.9973312296118282, 0.3673229812825797, 0.026329699378293325, 0.6275024883960217, 1.9992346573459132, 1.9997532191330958, 1.9999110142031638, 1.9964874774451544, 1.9999138052825414, 0.2631244622465795, 0.0010239435400689612, 0.0, 1.999956097333148, 1.9530432870766603, 1.999977561617168, 3.0192226274650125e-08, 1.9999952015614713, 1.99921988730997, 1.9985036090616055, 0.11334035434872314, 1.58721756728924, 0.6642585898153149, 0.006746431459363156, 1.9964122507352107, 0.8500588291278934, 1.9999836960202408, 0.0211280703849408, 0.0012742914890732093, 1.9994521280916042, 1.9921204393293057, 1.9999701003447332, 1.9999434805402914, 1.9265870014206676, 1.9996483704146524, 1.9996833807664616, 1.999959499770262, 0.0, 1.9998629856967027, 1.9999885933587558, 1.9999919234069718, 0.3554619674388806]

============================================
Final Results:
============================================
Number of simulations: 100
Simulation time: 318.9215142726898 seconds
Number of extreme concesus: 0
Number of maximal between-group bi-polarization: 1
Number of no convergence: 99
between-group bi-polarization values: [0.0005822163602651198, 1.9999274935898272, 1.9997248248860617, 1.9998378383884146, 1.9999991110817057, 0.974362256907499, 0.10299082155551409, 1.1559085898296635, 0.0006320545049917081, 0.0005033903602310597, 2.0, 1.996248565792397, 1.9999333080735218, 1.999818608547457, 0.04428575139471036, 1.9999343912964571, 1.9998926199057883, 1.9998481797133472, 0.14800239086265, 1.999893899196508, 0.009721885623336979, 1.9998377018714473, 1.9999990232879739, 1.999999934924316, 1.9993535905344357, 1.5261553168185413, 1.999636702537596, 0.033651738732693226, 1.9984700999973106, 1.9999995420754364, 1.999998719762717, 0.0003765435667109074, 2.8761018558420837e-05, 1.6029521933701973, 1.999999640457617, 1.9996500240097954, 1.7522162409399347, 0.39164903056567435, 0.00017859748785120644, 1.9976336199553046, 0.00037424699634680536, 1.999999799825608, 0.0019718366972105716, 0.0011572702220734588, 1.9999831229338665, 0.4152287723751028, 1.9999451506744184, 0.14370190149075746, 0.00021643588316033746, 0.0001432107091524637, 1.9999899487537216, 1.9997657354288043, 0.00013019814326165058, 0.00013741350280194187, 1.999999869517468, 1.9960644281014348, 1.6483395043342952e-05, 1.999966942599151, 1.7505594299567282, 1.9999696708100185, 1.9999999991529656, 1.9994904646625984, 0.00032291759921343477, 1.999987835710907, 1.9986412353491518, 4.322484703911389e-05, 0.0044619801511623924, 0.9855576112152304, 1.9999927913508666, 1.9998950399476325, 1.999948941730382, 1.9999987792851424, 1.9999971262677103, 1.9999994268031467, 1.9987604414228866, 1.999997965732915, 1.9999012811058616, 0.0004578017197099937, 0.004051196507654176, 1.9534502655162744, 1.999930254679907, 1.9958931620725329, 1.9999784139136487, 0.184609913368862, 1.9999764147248822, 1.9998157807863957, 1.9999972214335724, 1.9981195692812932, 0.00025718020657394813, 1.9999576048322507, 1.999969197215825, 1.9999640171691384, 0.7789749531186182, 1.999993528303958, 1.9999996062351917, 1.9204198994418067, 1.9999239777864346, 1.9996940140884587, 0.10544411083426919, 0.19909667824097266]
