EXPERIMENT 1
-------------------------------------------------------
============================================
Final Results:
============================================
Number of simulations: 100
Simulation time: 361.88963770866394 seconds
Number of extreme concesus: 12
Number of maximal between-group bi-polarization: 13
Number of no convergence: 75
between-group bi-polarization values: [0.0, 0.0, 0.0, 1.5, 0.0, 0.0, 0.0, 0.0, 0.0, 1.5, 0.0, 0.0, 0.0, 0.0, 0.0, 0.0, 2.0, 0.0, 2.0, 2.0, 0.0, 0.0, 0.0, 0.0, 1.5, 2.0, 2.0, 0.0, 0.0, 1.5, 0.0, 0.0, 0.0, 0.0, 1.5, 0.0, 0.0, 0.0, 0.0, 0.0, 0.0, 2.0, 0.0, 1.5, 2.0, 0.0, 1.5, 0.0, 2.0, 0.0, 1.5, 0.0, 1.5, 0.0, 2.0, 0.0, 0.0, 2.0, 0.0, 0.0, 1.5, 0.0, 1.5, 1.5, 0.0, 2.0, 2.0, 0.0, 0.0, 1.5, 1.5, 0.0, 1.5, 1.5, 0.0, 0.0, 0.0, 0.0, 0.0, 0.0, 2.0, 0.0, 0.0, 0.0, 1.5, 0.0, 0.0, 0.0, 0.0, 0.0, 0.0, 0.0, 0.0, 0.0, 0.0, 1.5, 0.0, 0.0, 1.5, 0.5]