EXPERIMENT 1
-------------------------------------------------------
============================================
Final Results:
============================================
Number of simulations: 100
Simulation time: 510.93231749534607 seconds
Number of moderate concesus: 50
Number of extreme concesus: 12
Number of maximal between-group bi-polarization: 10
Number of no convergence: 28
between-group bi-polarization values: [0.0, 0.5, 0.5, 0.0, 0.0, 0.0, 1.5, 1.5, 0.0, 0.0, 1.5, 0.0, 0.0, 0.0, 0.0, 0.0, 2.0, 0.5, 0.0, 1.5, 2.0, 0.5, 0.0, 0.0, 0.0, 0.0, 0.0, 0.0, 1.5, 0.0, 0.0, 2.0, 0.0, 0.0, 0.0, 1.5, 0.0, 0.0, 1.5, 0.0, 0.0, 0.0, 2.0, 0.5, 0.0, 0.0, 0.0, 2.0, 1.5, 1.5, 0.0, 2.0, 0.0, 0.0, 2.0, 0.0, 1.5, 0.0, 0.0, 0.0, 1.5, 1.5, 1.5, 0.0, 0.0, 0.0, 0.0, 0.0, 1.5, 1.5, 0.0, 0.0, 1.5, 0.0, 0.0, 0.0, 0.0, 0.0, 0.5, 1.5, 0.0, 0.0, 0.0, 0.0, 1.5, 1.5, 0.0, 2.0, 1.5, 0.0, 1.5, 2.0, 2.0, 0.0, 0.0, 0.0, 0.0, 0.0, 1.5, 0.0]



EXPERIMENT 3-7
-------------------------------------------------------
============================================
Final Results:
============================================
Number of simulations: 100
Simulation time: 564.3028521537781 seconds
Number of moderate concesus: 64
Number of extreme concesus: 33
Number of maximal between-group bi-polarization: 0
Number of no convergence: 3
between-group bi-polarization values: [0.0, 0.0, 0.0, 0.0, 0.0, 0.0, 0.0, 0.0, 0.0, 0.0, 0.0, 0.0, 0.0, 0.0, 0.0, 0.0, 1.6, 0.0, 0.0, 0.0, 0.0, 0.0, 0.0, 0.0, 0.0, 0.0, 0.0, 0.0, 0.0, 0.0, 0.0, 0.0, 0.0, 0.0, 0.0, 0.0, 0.0, 0.0, 0.0, 0.0, 0.0, 0.0, 0.0, 0.0, 0.0, 0.0, 0.0, 1.6, 0.0, 0.0, 0.0, 0.0, 0.0, 0.0, 0.0, 0.0, 0.0, 0.0, 0.0, 0.0, 0.0, 0.0, 0.0, 0.0, 0.0, 0.0, 0.0, 0.0, 0.0, 0.0, 0.0, 0.0, 0.0, 0.0, 0.0, 0.0, 0.0, 0.0, 0.0, 0.0, 0.0, 0.0, 0.0, 0.0, 0.0, 0.0, 0.0, 1.2, 0.0, 0.0, 0.0, 0.0, 0.0, 0.0, 0.0, 0.0, 0.0, 0.0, 0.0, 0.0]

============================================
Final Results:
============================================
Number of simulations: 100
Simulation time: 571.7839374542236 seconds
Number of moderate concesus: 64
Number of extreme concesus: 29
Number of maximal between-group bi-polarization: 7
Number of no convergence: 0
between-group bi-polarization values: [0.0, 0.0, 0.0, 0.0, 0.0, 0.0, 0.0, 0.0, 0.0, 0.0, 0.0, 0.0, 0.0, 0.0, 0.0, 0.0, 2.0, 0.0, 0.0, 0.0, 2.0, 0.0, 0.0, 0.0, 0.0, 0.0, 0.0, 0.0, 0.0, 0.0, 0.0, 2.0, 0.0, 0.0, 0.0, 0.0, 0.0, 0.0, 0.0, 0.0, 0.0, 0.0, 2.0, 0.0, 0.0, 0.0, 0.0, 2.0, 0.0, 0.0, 0.0, 0.0, 0.0, 0.0, 0.0, 0.0, 0.0, 0.0, 0.0, 0.0, 0.0, 0.0, 0.0, 0.0, 0.0, 0.0, 0.0, 0.0, 0.0, 0.0, 0.0, 0.0, 0.0, 0.0, 0.0, 0.0, 0.0, 0.0, 0.0, 0.0, 0.0, 0.0, 0.0, 0.0, 0.0, 0.0, 0.0, 2.0, 0.0, 0.0, 0.0, 0.0, 2.0, 0.0, 0.0, 0.0, 0.0, 0.0, 0.0, 0.0]

============================================
Final Results:
============================================
Number of simulations: 100
Simulation time: 575.4286468029022 seconds
Number of moderate concesus: 64
Number of extreme concesus: 26
Number of maximal between-group bi-polarization: 10
Number of no convergence: 0
between-group bi-polarization values: [0.0, 0.0, 0.0, 0.0, 0.0, 0.0, 0.0, 0.0, 0.0, 0.0, 0.0, 0.0, 0.0, 0.0, 0.0, 0.0, 2.0, 0.0, 0.0, 0.0, 2.0, 0.0, 0.0, 0.0, 0.0, 0.0, 0.0, 0.0, 0.0, 0.0, 0.0, 2.0, 0.0, 0.0, 0.0, 0.0, 0.0, 0.0, 0.0, 0.0, 0.0, 0.0, 2.0, 0.0, 0.0, 0.0, 0.0, 2.0, 0.0, 0.0, 0.0, 2.0, 0.0, 0.0, 0.0, 0.0, 2.0, 0.0, 0.0, 0.0, 0.0, 0.0, 0.0, 0.0, 0.0, 0.0, 0.0, 0.0, 0.0, 0.0, 0.0, 0.0, 0.0, 0.0, 0.0, 0.0, 0.0, 0.0, 0.0, 0.0, 0.0, 0.0, 0.0, 0.0, 0.0, 0.0, 0.0, 2.0, 0.0, 0.0, 0.0, 2.0, 2.0, 0.0, 0.0, 0.0, 0.0, 0.0, 0.0, 0.0]

============================================
Final Results:
============================================
Number of simulations: 100
Simulation time: 575.932765007019 seconds
Number of moderate concesus: 50
Number of extreme concesus: 12
Number of maximal between-group bi-polarization: 10
Number of no convergence: 28
between-group bi-polarization values: [0.0, 0.5, 0.5, 0.0, 0.0, 0.0, 1.5, 1.5, 0.0, 0.0, 1.5, 0.0, 0.0, 0.0, 0.0, 0.0, 2.0, 0.5, 0.0, 1.5, 2.0, 0.5, 0.0, 0.0, 0.0, 0.0, 0.0, 0.0, 1.5, 0.0, 0.0, 2.0, 0.0, 0.0, 0.0, 1.5, 0.0, 0.0, 1.5, 0.0, 0.0, 0.0, 2.0, 0.5, 0.0, 0.0, 0.0, 2.0, 1.5, 1.5, 0.0, 2.0, 0.0, 0.0, 2.0, 0.0, 1.5, 0.0, 0.0, 0.0, 1.5, 1.5, 1.5, 0.0, 0.0, 0.0, 0.0, 0.0, 1.5, 1.5, 0.0, 0.0, 1.5, 0.0, 0.0, 0.0, 0.0, 0.0, 0.5, 1.5, 0.0, 0.0, 0.0, 0.0, 1.5, 1.5, 0.0, 2.0, 1.5, 0.0, 1.5, 2.0, 2.0, 0.0, 0.0, 0.0, 0.0, 0.0, 1.5, 0.0]

============================================
Final Results:
============================================
Number of simulations: 100
Simulation time: 573.964720249176 seconds
Number of moderate concesus: 18
Number of extreme concesus: 2
Number of maximal between-group bi-polarization: 10
Number of no convergence: 70
between-group bi-polarization values: [1.0, 1.5, 1.5, 1.0, 0.5, 0.0, 1.5, 1.5, 1.0, 1.0, 1.5, 0.5, 0.0, 1.0, 0.0, 1.5, 2.0, 1.5, 0.5, 1.5, 2.0, 1.5, 1.0, 0.0, 1.0, 1.5, 0.0, 0.0, 1.5, 1.0, 1.0, 2.0, 1.5, 0.0, 0.0, 1.5, 1.0, 0.0, 1.5, 0.0, 0.0, 1.0, 2.0, 0.0, 1.0, 0.0, 1.5, 2.0, 1.5, 1.5, 1.5, 2.0, 1.0, 0.0, 2.0, 0.0, 1.5, 1.0, 0.5, 1.0, 1.5, 1.5, 1.5, 1.0, 1.5, 1.0, 1.0, 1.0, 1.5, 1.5, 0.0, 1.0, 1.5, 1.5, 0.5, 0.0, 1.0, 1.0, 1.5, 1.5, 0.5, 1.0, 1.0, 0.5, 1.5, 1.5, 0.5, 2.0, 1.5, 1.5, 1.5, 2.0, 2.0, 0.0, 0.0, 1.0, 0.0, 1.0, 1.5, 1.0]